0.24014199004585884	0.23906167120975305	0.23778151968422498	0.2346495219329942	0.2264827461030425	0.20665441002001997	0.1745126815013902	0.14891747239821548	0.13760206884564438	0.13351473917148302	0.13198709931523392
0.6046193837796353	0.602111936745076	0.5991389666003232	0.5918589726857888	0.5728295970530037	0.5263415656498919	0.45008009226866297	0.38841343075747514	0.3608176374516931	0.350803247227725	0.3470464631095255
1.3602906108781792	1.3556166186643879	1.3500714168449197	1.336475994521555	1.3008247269171238	1.2130409347217543	1.0667389171916724	0.9458140937780941	0.8906946850093433	0.8704828276669949	0.8628778735110006
0.24433419346709356	0.24431617733244423	0.2442685952959972	0.2440527898188482	0.24303539027430937	0.2387903701329334	0.2282073025428384	0.21745702889803048	0.21246981071805274	0.21073015740265202	0.2101027654593344
0.614394758261154	0.6143548279046848	0.6142493547069027	0.6137856213403594	0.6115046866657267	0.602090320749303	0.5783756984543809	0.554062904605905	0.5426874685835537	0.5387175667707444	0.5372842859723566
1.3787265101032344	1.3786594572706685	1.3784823018803025	1.3776900057264376	1.3738484018035435	1.3578556207603616	1.3173775590193897	1.275387737340505	1.2555579741753988	1.24858661717981	1.2460654312073813
0.24014199004585884	0.23906167120975305	0.23778151968422498	0.2346495219329942	0.2264827461030425	0.20665441002001997	0.1745126815013902	0.14891747239821548	0.13760206884564438	0.13351473917148302	0.13198709931523392
0.6046193837796353	0.602111936745076	0.5991389666003232	0.5918589726857888	0.5728295970530037	0.5263415656498919	0.45008009226866297	0.38841343075747514	0.3608176374516931	0.350803247227725	0.3470464631095255
1.3602906108781792	1.3556166186643879	1.3500714168449197	1.336475994521555	1.3008247269171238	1.2130409347217543	1.0667389171916724	0.9458140937780941	0.8906946850093433	0.8704828276669949	0.8628778735110006
0.24014205305629197	0.23906185235659036	0.2377816039151555	0.23464975722724993	0.22648284471067565	0.20665450943473143	0.17451222932379434	0.14891985429824522	0.13760536844049895	0.13351786801884105	0.13199048364371727
0.6046196029578972	0.6021121435399296	0.59913915995821	0.5918592449579367	0.5728305223966105	0.5263427103072789	0.4500807938027936	0.3884130713172395	0.3608237871372316	0.35080157535683176	0.34704472876475917
1.360290936242448	1.3556171286342877	1.3500719509837618	1.3364764682951533	1.3008263650021066	1.2130441118418562	1.066743794790035	0.9458187492683573	0.8907020062398168	0.8704899536099734	0.8628849142361746
0.24014199004585884	0.23906167120975305	0.23778151968422498	0.2346495219329942	0.2264827461030425	0.20665441002001997	0.1745126815013902	0.14891747239821548	0.13760206884564438	0.13351473917148302	0.13198709931523392
0.6046193837796353	0.602111936745076	0.5991389666003232	0.5918589726857888	0.5728295970530037	0.5263415656498919	0.45008009226866297	0.38841343075747514	0.3608176374516931	0.350803247227725	0.3470464631095255
1.3602906108781792	1.3556166186643879	1.3500714168449197	1.336475994521555	1.3008247269171238	1.2130409347217543	1.0667389171916724	0.9458140937780941	0.8906946850093433	0.8704828276669949	0.8628778735110006
0.08109397803108886	0.08081356931869228	0.08054244728194543	0.08003024530439398	0.0791148318021993	0.0776295655584312	0.0755812806536553	0.0733234173474531	0.07140467041566133	0.07011057229351136	0.06936423774051498
0.21210308527911204	0.2113800012287126	0.21069086838900702	0.20938323143506887	0.20702970284362002	0.20323467479570337	0.19799658987765173	0.19219377479836103	0.187265350298634	0.1839387132163733	0.18201797165223327
0.5344023954642638	0.5328089650278643	0.531277423434954	0.5283870465573562	0.5232171715877423	0.5148054717441711	0.5032282876376337	0.49036023045069377	0.47941602346414136	0.4720141917444013	0.46774327888948763
