0.0199277808685381	0.018981625754343492	0.017902801304242686	0.015477208071156573	0.010645616174288603	0.005283094487995076	0.0027796512889236777	0.002014214008544137	0.0017924519391966222	0.0017228003710787149	0.0016978226723375735
0.050893128544565104	0.04865170939803942	0.04608558886724742	0.040259228131269385	0.02835213328987875	0.014313000556684519	0.007289553887882111	0.005071218753383428	0.004422634358117247	0.004219422368372725	0.00414669582202218
0.11798966100488462	0.11370192270831779	0.1087596113139687	0.09738595667012095	0.07313881687943907	0.0408379003007946	0.02176413772509923	0.015167341691253963	0.013182886572638662	0.012553374137456922	0.012328725581846665
0.01992800592927333	0.01898191743262968	0.017903030745540564	0.015476240761820964	0.010645751342583836	0.005283298145990812	0.0027793881887548397	0.0020138475521037204	0.0017920777808337744	0.0017225004446277197	0.0016981779425215243
0.050893549471689885	0.048652063047712676	0.046086089240936545	0.040259879992680006	0.028352541706373826	0.01431335055127487	0.007289279161094484	0.005070985798637616	0.004423092161870504	0.004219076826786833	0.004146375011100586
0.11799017234601061	0.11370246143825374	0.10875981038896347	0.09738727432725446	0.07313827590367948	0.04083917483923861	0.021763695736066232	0.015168020178296143	0.013182520327499258	0.012553987027299205	0.012328490498433393
0.1992698097898352	0.1898052062773218	0.1790207442176401	0.1547632133483035	0.1064558588693297	0.0528297303251445	0.027792358851619143	0.020134846011768306	0.017916137738291867	0.01722169303402614	0.016973883603363216
0.5089246144411979	0.48651234687772854	0.4608465539026113	0.40257754194509676	0.28351734318218935	0.14313500091440653	0.07289175724489617	0.05070989397186928	0.044222503838073704	0.04218820587539665	0.041461379624782226
1.1798936634402193	1.1370160042126425	1.0875895838593466	0.9738498606503846	0.7313791123824948	0.4083835122466942	0.2176381085213351	0.15168272972536623	0.1318264658185402	0.125534635658066	0.12328743587142696
0.19927119630511633	0.18980699666468015	0.1790203374657521	0.15476222128362754	0.10645020197035532	0.05282791465896842	0.02779313402438778	0.02013440196229238	0.017915896733672564	0.017221467037627267	0.016974722239503304
0.5089271838623395	0.4865132905364551	0.4608496089921673	0.4025815645400469	0.2835222169682064	0.1431338852864649	0.07289546120320615	0.05070900495330979	0.04422454163227721	0.0421875232160835	0.04146071246888653
1.1798967312163209	1.1370214748119438	1.0875945152240154	0.9738545695666766	0.7313820992571287	0.40840251494181595	0.2176312991070768	0.15167888438077132	0.13182377470747886	0.12554164994863937	0.123285502686457
1.9926809503743623	1.8980272015144164	1.7901676037715415	1.5475765673265722	1.0644921455491525	0.5282916985567481	0.27791649645140426	0.20134155343896112	0.17916726779010622	0.17221855892540416	0.1697399922852839
5.089237691864787	4.865102904596949	4.608444291916935	4.025735044608763	2.835064542000308	1.4313597645024776	0.7289340917796936	0.5071040446951404	0.44222982163876373	0.4218720297781806	0.41460112451191056
11.798937390274874	11.370156071028134	10.875889867997191	9.738541736853922	7.31341857709267	4.084056332733314	2.1763262603631977	1.5167448755767843	1.3182856018835576	1.2553822429646575	1.232888553070027
1.992681425776194	1.8980274945212219	1.7901675530502932	1.5475757861672104	1.0644885033853855	0.5282903613380873	0.2779324515088606	0.20134091894920758	0.17916422370739285	0.17221498105097469	0.16974814585107614
5.089234479760868	4.865101795667988	4.608447140609618	4.025727292045664	2.835062220977384	1.4313219544434568	0.7289108392634199	0.5071135787137474	0.4422356641954695	0.42187595879660966	0.4146050505234832
11.79896694580021	11.370189411792499	10.875914137257924	9.738493251435308	7.313409072768408	4.08398119413415	2.176433237809323	1.5167726370252534	1.318226838853087	1.2553406739107096	1.2328890159029826
