0.2396097461508079	0.23851150377860858	0.23721011306499268	0.2340261524707747	0.2257238815589157	0.20556657505620352	0.1728915930892079	0.1468717469808675	0.13536862553382445	0.13121348751448073	0.129660505912996
0.6101341819227655	0.60758513415448	0.6045628398067661	0.5971620606607576	0.5778169442829088	0.5305576110213753	0.453030862331647	0.39034108003934	0.3622874574913502	0.35210688273203716	0.3482877739380662
1.3783427531435928	1.3735913813604408	1.3679540072944407	1.3541330288202755	1.3178902411828153	1.2286499423291872	1.079920496707323	0.9569893251830297	0.9009551313685623	0.8804079078956614	0.8726767684809218
0.23960981017173688	0.23851168761336258	0.23721019861131093	0.23402639119660054	0.2257239813237144	0.20556667193867348	0.1728911210270072	0.14687414676972865	0.1353719461876478	0.13121663444948267	0.12966390890548288
0.6101344093311455	0.6075853487474774	0.6045630404940482	0.5971623434004155	0.5778179067704995	0.5305588084979806	0.45303162212406606	0.3903407655786704	0.3622937340671431	0.35210524662249343	0.34828607136996015
1.3783431554649088	1.373591742483719	1.3679545628615077	1.3541335162944743	1.31789192617986	1.22865326026338	1.0799256312244607	0.9569942865361297	0.9009629977910829	0.8804155944955263	0.872684375272842
0.23651527450689522	0.2354349554250294	0.23415480625955856	0.23102280763107355	0.22285603729836165	0.2030277380437585	0.17088602964267838	0.1452908385532465	0.13397547394842935	0.1298881427457286	0.12836051287539282
0.6009926674801347	0.5984852202634077	0.5955122499206982	0.5882322577839104	0.5692028979816789	0.5227148832665527	0.4464534418772669	0.3847868169783192	0.3571910254034336	0.34717670200679007	0.34341991501064645
1.3566638929866286	1.3519899022875828	1.3464447000024615	1.3328492765582718	1.29719801527568	1.2094142433065338	1.0631122653180651	0.9421874783982479	0.887068176925907	0.8668563364444015	0.8592513888447587
0.23651533417124315	0.2354351342843749	0.2341548857066245	0.23102303991619738	0.22285612795886595	0.20302780436475334	0.17088553043304175	0.14529317899524055	0.13397871409658005	0.129891213832875	0.12836383410098054
0.6009928837958702	0.598485424320777	0.5955124406772808	0.588232526231365	0.5692038086439103	0.5227160017311954	0.44645409526601026	0.38478638482644717	0.35719712402648657	0.3471749119558022	0.3434180644821859
1.3566642162031093	1.3519904088449304	1.3464452315691307	1.3328497491108253	1.2971996491180857	1.209417400083928	1.0631170954548328	0.942192062315253	0.8870753552157097	0.8668633087357328	0.8592582717833017
0.2103464003779825	0.2094176526259316	0.20831713318747896	0.20562455989752282	0.19860366512202265	0.18155763117848936	0.1539256243915105	0.1319215915337961	0.12219400362727009	0.11868009698654576	0.1173668528353958
0.523686051819973	0.5215304065970476	0.5189745528565263	0.5127160090138123	0.49635684591209056	0.4563915630107927	0.39082800474185797	0.33781613849421444	0.31409207743869083	0.3054835722034502	0.3022538273766697
1.1733332345621892	1.1693151628622036	1.1645478653487276	1.1528599813931755	1.1222109184707634	1.0467444500409029	0.9209705172098669	0.8170128864141851	0.76963003472255	0.7522543563397067	0.7457165485875887
0.21034654750867335	0.2094177918259532	0.20831716629891636	0.20562474082582652	0.19860368702763995	0.18155746976407064	0.15392727528618283	0.13192345334446068	0.12219659231341083	0.11868255413373073	0.11736951183947444
0.5236861833324327	0.5215305301414295	0.518974667758	0.5127161683888378	0.4963573619028188	0.456392084742435	0.3908301913198501	0.3378148550816271	0.31409676488347116	0.30548068979984944	0.3022610897008935
1.1733334925213896	1.1693154518319497	1.1645482059684489	1.152860336681154	1.1222122398327237	1.0467463763228144	0.9209730446502266	0.8170146400289182	0.7696320718772233	0.7522560004573152	0.7457180353427428
