0.19482712703624272	0.18536254030359184	0.17457810173447522	0.15032059149947044	0.10201326901716838	0.04838766008376044	0.023349642642353115	0.01569113589909602	0.01347292563525178	0.012778565081063974	0.012531645572765048
0.5044819230681359	0.4820696743473664	0.4564038747628917	0.39813488844817396	0.27907473901425717	0.13869303157301602	0.06845098606395694	0.04626592978923708	0.03978157002029393	0.03774464929945456	0.037017925591130214
1.1754509683741603	1.132573312575281	1.0831469305135806	0.9694072434258599	0.7269366626879877	0.4039566564733162	0.21319744192816892	0.1472318779850513	0.1273775050103737	0.12109362940061831	0.11884699233148176
0.19482848948034825	0.18536429858591066	0.1745776332656363	0.1503195236641971	0.10200750217941	0.0483855900573695	0.023348537151332487	0.01569089631419386	0.013473320554181274	0.012779217650173957	0.012531369046336215
0.5044844727088823	0.48207057668118486	0.4564069042908618	0.39813887346969973	0.2790795537832441	0.1386917131761642	0.06844950102016627	0.04626847540990064	0.039780764656161975	0.0377441102849699	0.03701739705440061
1.1754540099303343	1.132578763582372	1.0831518069499044	0.9694118734445492	0.7269394662620183	0.4039604791697571	0.2131898632236299	0.14723837766305595	0.12738323948052435	0.12109208445669942	0.11884459231956487
0.19564312998975444	0.18617854017157595	0.17539409728713437	0.15113658326069412	0.10282925482465079	0.04920354190737428	0.02416528370745049	0.01650691121036067	0.014289611619187263	0.013595187927521199	0.013347344810888662
0.5052979276052244	0.48288567542427424	0.4572198770533295	0.398950886025745	0.279890727520101	0.1395088998932442	0.06926657799438747	0.04708166375400188	0.04059715841440303	0.03856033507099456	0.037833632902842786
1.1762669735897289	1.1333893171615386	1.083962928065635	0.9702232343417931	0.7277526228158467	0.4047725036545623	0.21401305729540773	0.14804763422597164	0.12820195520316352	0.12190929294495699	0.11966254482334109
0.19564449685474877	0.18618030435293367	0.17539364015612813	0.1511355293486398	0.102823508157393	0.049201521155005805	0.024165838396616485	0.016507757511885292	0.014289328147248054	0.013594915877449695	0.013347135118676526
0.5053004808789591	0.4828865853477535	0.45722291127405373	0.39895487795249873	0.2798955531464768	0.13950761983519527	0.06926519067331177	0.047083990534259546	0.040596437708515364	0.03855986007646611	0.03783316929793337
1.1762700199617897	1.133394771767375	1.083967814591389	0.9702278788626356	0.7277554601152567	0.40477636215263235	0.21400562525608766	0.14805395143381142	0.12819881331597682	0.12190781187495718	0.11966023690503325
0.2038031595626236	0.19433853894248218	0.18355405293877441	0.15929650105441687	0.11098911482616518	0.05736256011694943	0.032325958283008084	0.02466797575730838	0.022450800787385806	0.021756154476551822	0.021508066758803523
0.5134579729977893	0.49104568621374706	0.4653798999806674	0.40711086189095563	0.2880506129351992	0.14766766992327146	0.07742817822662158	0.05524524493287877	0.04875671274190689	0.046722892291918866	0.045995914657245944
1.1844270257570202	1.1415493630322358	1.092122903611664	0.978383143552612	0.7359122244306331	0.4129162561912084	0.22216962423611136	0.15621364141375707	0.136357564431371	0.13007476119110678	0.1278189792671669
0.20380457062522897	0.194340362067457	0.1835537091202928	0.15929558624061685	0.11099169694473716	0.05736097170413916	0.03232697192403537	0.024667589245098275	0.022450343798447132	0.021755722624595433	0.02150773556086363
0.5134605626022594	0.4910466720254231	0.46538298114945653	0.407114922797313	0.28805554692013013	0.14766674679006395	0.07742649076626401	0.05524398244974997	0.048756120555577064	0.04672200610882068	0.04599504833684614
1.1844301202900724	1.1415548536197435	1.0921278910164323	0.9783879329807569	0.7359153982952269	0.4129352197184722	0.22217855401636286	0.15621038261321196	0.13635535984343392	0.13007245931422584	0.12782598294021127
